    4    2    3    6 2017
    4    3    3    6 2017
    4   20    3    6 2017
   10   18    3    6 2017
   10   14    3    6 2017
   13   27    4    6 2017
   13   28    4    6 2017
   13   29    4    6 2017
   13   30    4    6 2017
    6   13    4    6 2017
    6   10    4    6 2017
    6    8    4    6 2017
    6    6    4    6 2017
    6    4    4    6 2017
    9    2    4    6 2017
    9    3    4    6 2017
    9    4    4    6 2017
    9   24    4    6 2017
    9   25    4    6 2017
    5    1    4    6 2017
    5   48    4    6 2017
    5   47    4    6 2017
    5   31    4    6 2017
    5   30    4    6 2017
    2   28    4    6 2017
    2   27    4    6 2017
    2    4    4    6 2017
    2    5    4    6 2017
    2    6    4    6 2017
    1    2    4    6 2017
    1    3    4    6 2017
    1   27    4    6 2017
    1   28    4    6 2017
    1   48    4    6 2017
   15    7    4    6 2017
   15    8    4    6 2017
   15    9    4    6 2017
   16   24    4    6 2017
   16   25    4    6 2017
   16   45    4    6 2017
   16   46    4    6 2017
